 1 24853.378906 33616.394531 29918.363281
2 24580.273438 33770.632812 29950.767578
3 24580.273438 34122.941406 29933.060547
4 24580.273438 34738.156250 29871.662109
5 24580.273438 34738.156250 29947.251953
6 24580.273438 34259.582031 29996.656250
7 23610.435547 34259.582031 29922.136719
8 23610.435547 34258.617188 29931.580078
9 23610.435547 34258.617188 29915.691406
10 23610.435547 33651.867188 29924.533203
11 23610.435547 34330.777344 29962.195312
12 23415.056641 33815.097656 29895.505859
13 23415.056641 33995.492188 29897.560547
14 23415.056641 34925.097656 29927.009766
15 23415.056641 34925.097656 29964.673828
16 23415.056641 34344.289062 30003.748047
17 23415.056641 34548.640625 30077.320312
18 23415.056641 34548.640625 30031.744141
19 23415.056641 34548.640625 29983.308594
20 23415.056641 34465.347656 29921.685547
21 23415.056641 34465.347656 29976.185547
22 23415.056641 34814.445312 29874.482422
23 23415.056641 34814.445312 29905.550781
24 23415.056641 34722.625000 29849.138672
25 23415.056641 34937.781250 29852.916016
26 23415.056641 33800.679688 29853.937500
27 23415.056641 34826.398438 29794.068359
28 23415.056641 34950.726562 29896.431641
29 23415.056641 34223.656250 29884.800781
30 23415.056641 33983.859375 29891.277344
31 23415.056641 33483.667969 29788.640625
32 23415.056641 34091.355469 29829.394531
33 23415.056641 34083.113281 29847.968750
34 23415.056641 34330.671875 29826.746094
35 23415.056641 33830.687500 29858.423828
36 23415.056641 34134.738281 29862.701172
37 23415.056641 34134.738281 29827.742188
38 23415.056641 33898.222656 29779.236328
39 23415.056641 34246.835938 29688.529297
40 23415.056641 34712.742188 29819.343750
41 23415.056641 34712.742188 29783.917969
42 23415.056641 34478.015625 29784.869141
43 23415.056641 34407.347656 29781.382812
44 23415.056641 34795.777344 29886.535156
45 23415.056641 34479.839844 29879.783203
46 23415.056641 33988.640625 29887.558594
47 23415.056641 34937.863281 29866.988281
48 23415.056641 34488.558594 29921.908203
49 23415.056641 34129.628906 29959.775391
50 23415.056641 34129.628906 29835.144531
51 23415.056641 33766.457031 29842.046875
52 23415.056641 34004.531250 29874.544922
53 23415.056641 34794.472656 29896.109375
54 23415.056641 34381.808594 29978.099609
55 23415.056641 33912.769531 29886.285156
56 23415.056641 33945.394531 29930.347656
57 23415.056641 34238.191406 29860.794922
58 23415.056641 33831.425781 29829.146484
59 23415.056641 33766.101562 29782.568359
60 23415.056641 34921.574219 29759.177734
61 23415.056641 34457.566406 29812.841797
62 23415.056641 34748.628906 29844.203125
63 23415.056641 34226.675781 29831.042969
64 23415.056641 34291.554688 29905.576172
65 23415.056641 34009.292969 29952.390625
66 23415.056641 34009.292969 29963.357422
67 23415.056641 34762.617188 29923.800781
68 23415.056641 33690.539062 29850.199219
69 23415.056641 34829.484375 29808.169922
70 23415.056641 34023.757812 29844.451172
71 23415.056641 34870.906250 29729.105469
72 23415.056641 34992.433594 29758.480469
73 23415.056641 34992.433594 29803.455078
74 23011.447266 34992.433594 29825.611328
75 23011.447266 34992.433594 29811.939453
76 23011.447266 35169.554688 29921.033203
77 23011.447266 34513.480469 29952.484375
78 23011.447266 34160.140625 29930.783203
79 23011.447266 34160.140625 29995.476562
80 23011.447266 34194.199219 30038.246094
81 23011.447266 34110.800781 29984.113281
82 23011.447266 34428.121094 29976.539062
83 23011.447266 34428.121094 29956.818359
84 23011.447266 34066.222656 29937.330078
85 23011.447266 33653.402344 29978.890625
86 23011.447266 34221.617188 29975.277344
87 23011.447266 34376.687500 29918.654297
88 23011.447266 34348.277344 29879.730469
89 23011.447266 33875.496094 29998.478516
90 23011.447266 34453.578125 29977.464844
91 23011.447266 34258.500000 29878.560547
92 23011.447266 34499.917969 29927.279297
93 23011.447266 34046.285156 29906.986328
94 23011.447266 33806.933594 29871.441406
95 23011.447266 33746.753906 29900.894531
96 23011.447266 34243.671875 29811.197266
97 23011.447266 34829.625000 29779.410156
98 23011.447266 34829.625000 29726.521484
99 23011.447266 34716.574219 29720.916016
100 23011.447266 34316.265625 29781.031250
100 23011.447266 35054.746094 29891.783203
