Geracao 151
0 146.340683
1 116.773804
2 139.720810
3 150.805878
4 125.124329
5 136.275024
6 147.858871
7 147.858871
8 152.829285
9 114.039215
10 111.370285
11 158.136963
12 139.009598
13 157.360123
14 115.901138
15 141.582733
16 146.275040
17 147.051880
18 122.521027
19 136.275040
20 154.317307
21 127.858887
22 149.720810
23 146.275024
24 129.442734
25 164.691193
26 140.593445
27 135.189941
28 125.901123
29 147.425766
30 125.189941
31 159.720810
32 152.829269
33 81.803406
34 139.786453
35 136.275024
36 158.510849
37 129.720810
38 141.744186
39 130.219559
40 110.219559
41 158.136963
42 148.635727
43 133.606094
44 146.986221
45 128.635727
46 156.275040
47 167.360107
48 158.136948
49 91.370285
50 151.582733
51 129.009613
52 146.340698
53 140.593445
54 151.582718
55 146.986221
56 162.829269
57 119.720795
58 158.510849
59 130.219559
60 143.540451
61 141.304642
62 122.455368
63 119.075241
64 154.691177
65 161.956619
66 112.954132
67 146.275040
68 147.051880
69 137.051865
70 137.051865
71 117.924530
72 129.009613
73 142.829269
74 136.275040
75 144.691193
76 132.521027
77 135.189941
78 152.829285
79 121.370285
80 134.317307
81 163.166580
82 117.924530
83 139.720810
84 162.829269
85 135.563843
86 114.039215
87 91.370285
88 146.275040
89 150.871536
90 131.744171
91 114.039215
92 125.623062
93 167.360123
94 125.901138
95 139.009613
96 186.583282
97 108.635712
98 125.124313
99 152.022247
100 139.720810
101 135.901154
102 140.593445
103 161.956619
104 136.275040
105 122.455383
106 131.370285
107 171.956619
108 128.635712
109 139.720795
110 156.986221
111 61.803398
112 155.402390
113 133.262390
114 116.773773
115 139.009583
116 128.635712
117 122.455383
118 139.720810
119 161.245407
120 114.039215
121 140.219559
122 156.275024
123 116.773788
124 133.540451
125 115.189941
126 136.986237
127 110.593460
128 139.720810
129 166.648926
130 121.304657
131 132.455368
132 145.402390
133 123.606102
134 150.094696
135 153.540466
136 132.521027
137 159.287689
138 159.222046
139 164.691193
140 158.136948
141 115.189941
142 156.275040
143 164.691193
144 156.275040
145 122.455360
146 159.009598
147 146.340683
148 120.219551
149 133.606110
150 115.189941
151 144.691193
152 127.858879
153 150.160339
154 110.219566
155 105.189941
156 116.773804
157 153.606110
158 168.510849
159 131.744186
160 127.858887
161 147.051880
162 152.455368
163 161.956619
164 140.871536
165 151.956619
166 149.720810
167 145.124313
168 154.691193
169 159.009598
170 96.773796
171 125.623062
172 161.678543
173 124.039215
174 135.189941
175 141.370300
176 146.275040
177 144.039230
178 129.720795
179 153.540451
180 133.606094
181 129.009613
182 129.720795
183 147.858871
184 133.606094
185 144.691193
186 139.720795
187 158.136963
188 129.009598
189 158.510834
190 141.370285
191 156.275024
192 156.275040
193 116.773804
194 139.720810
195 121.304657
196 129.786438
197 110.219543
198 133.262390
199 135.189941
